time, t_command, c_linear_x, c_linear_y, c_linear_z, c_angular_x, c_angular_y, c_angular_z, pos_x, pos_y, pos_z, ang_x, ang_y, ang_z
13392.497, 1, 0.25, 0, 0, 0, 0, 0, 0.8202447935866707, -0.19743258970986288, -1.7001413422035316e-05, -2.220763154741123e-06, 1.331100369799519e-07, -1.5992244720737745
13394.299, 1, 0, 0, 0, 0, 0, -0.241067576242, 0.8202245554308669, -0.19755263086367067, -1.8887767882808104e-05, 2.9355930262828374e-05, -1.5174485402402577e-06, -1.7494643381862371
13395.898, 1, 0, 0, 0, 0, 0, -0.241067576242, 0.8201984027814679, -0.19794001534409722, -1.693081420314768e-05, 3.988662511222768e-05, -5.300554856635808e-07, -1.8986216969974037
13397.313, 1, 0.25, 0, 0, 0, 0, 0, 0.7401642940169357, -0.4331208430406775, -1.6506687517764407e-05, 7.298780006510967e-06, -1.3662711665993355e-06, -1.8988041649246514
13398.714, 1, 0, 0, 0, 0, 0, -0.241067576242, 0.7399284357207975, -0.43385092288151367, -1.5824994209129306e-05, 1.9282643756161062e-05, -1.1224231405179792e-06, -2.0519654056097423
13400.213, 1, 0.25, 0, 0, 0, 0, 0, 0.6248902342013734, -0.6541948239064318, -1.1958178624843496e-05, 8.825997219086053e-06, 2.6884943984080715e-07, -2.051969105934495
13401.631, 1, 0, 0, 0, 0, 0, -0.241067576242, 0.6244410006354116, -0.6550007181656715, -1.5082161462731669e-05, 1.8201339382354895e-05, -5.403526758460978e-07, -2.207113050412124
13403.032, 1, 0.25, 0, 0, 0, 0, 0, 0.47662262028259766, -0.8550672121673695, -1.4464905459171673e-05, 1.7264316827468025e-05, 1.580557950556897e-07, -2.2071200359024528
13404.731, 1, 0.25, 0, 0, 0, 0, 0, 0.3285296181531017, -1.0555061566212138, -1.3639155081762722e-05, 1.4743789135435614e-05, 2.5285035873032326e-07, -2.2070799338506846
13406.131, 1, 0.25, 0, 0, 0, 0, 0, 0.18027275973402226, -1.256186662090446, -1.0455733041647708e-05, 3.561868119100251e-06, 1.9124561661076875e-07, -2.2070179725061236
13407.546, 1, 0, 0, 0, 0, 0, -0.241067576242, 0.17960475231534045, -1.2570030592763897, -1.5251954682604651e-05, 2.542089042310405e-05, 2.7739501670752314e-07, -2.3673762553951816
13408.847, 1, 0.25, 0, 0, 0, 0, 0, 0.0013632945693336466, -1.4313064799104285, -1.3899339326328697e-05, 1.606813634987857e-05, 3.5723800862179864e-07, -2.3673445261015864
13410.946, 1, 0.25, 0, 0, 0, 0, 0, -0.17705952902700958, -1.605787446961276, -1.2476938761385448e-05, 9.676353390336574e-06, 1.1567017931298395e-07, -2.367269914752609
13422.247, 1, 0.25, 0, 0, 0, 0, 0, -0.3555913146760013, -1.7803870327347595, -1.083631978671118e-05, 2.147902181923764e-06, -6.361060012220514e-08, -2.3672578660592243
13424.147, 1, 0.25, 0, 0, 0, 0, 0, -0.5340247331619198, -1.9548808145645997, -1.0152379138039791e-05, -8.207295792070368e-07, -8.854406729405651e-08, -2.367280927151644
13437.963, 1, 0.25, 0, 0, 0, 0, 0, -0.7127479541541208, -2.1295257849668676, -1.5358046233121536e-05, -1.9424285617743946e-05, 1.018076832740674e-07, -2.3675560199115386
13439.363, 1, 0.25, 0, 0, 0, 0, 0, -0.891716941645246, -2.3043320784937205, -1.8795673691451853e-05, -3.591305748641907e-05, 2.227110114873056e-07, -2.367787153828452
13440.764, 1, 0.25, 0, 0, 0, 0, 0, -1.0705401514473065, -2.4789653394759883, -3.2356757907248124e-05, -9.76604646498604e-05, 3.416296154597903e-06, -2.3679211627995596
13442.062, 1, 0.25, 0, 0, 0, 0, 0, -1.246653663515871, -2.6511675020046077, -2.6678236904525976e-05, -5.6308677043343715e-05, -5.746947972324738e-06, -2.3663816983104278
13443.481, 1, 0.25, 0, 0, 0, 0, 0, -1.4207243570391315, -2.821901908480172, -1.4625644803617499e-05, -1.9119556527879673e-05, -2.221252427146366e-07, -2.3659951000343464
13444.779, 1, 0.25, 0, 0, 0, 0, 0, -1.5971425994188637, -2.9949698506098668, -1.432829015457493e-05, -1.913503889265714e-05, -1.4951662658801665e-07, -2.3659070504254642
13446.081, 1, 0.25, 0, 0, 0, 0, 0, -1.7744160608060129, -3.1688575070680667, -1.4246317140670373e-05, -1.8613097162279415e-05, -2.689897612298733e-07, -2.3659303947371337
13447.879, 1, 0.25, 0, 0, 0, 0, 0, -1.9521604725072328, -3.3431786405447106, -1.3284445511685394e-05, -1.2577278826657267e-05, -1.938972380168363e-07, -2.3659739793131065
13449.283, 1, 0.25, 0, 0, 0, 0, 0, -2.1301912606247515, -3.517759212471781, -1.2840045554490809e-05, -1.0420442135369371e-05, -2.8258414349332303e-07, -2.3660268794756814
13450.582, 1, 0, 0, 0, 0, 0, -0.241067576242, -2.1298804471689188, -3.5174862056227174, -1.5245271547892347e-05, 2.5975753835214535e-05, 1.6321151955472542e-07, -2.5376384251170174
13451.998, 1, 0, 0, 0, 0, 0, -0.241067576242, -2.1296535347730288, -3.5173514801837986, -2.1534461382421988e-05, 4.057299220030066e-05, -4.625105495113874e-07, -2.7103710380045385
13453.295, 1, 0.25, 0, 0, 0, 0, 0, -2.3568346226077526, -3.6219015969734007, -1.0512185459776724e-05, -1.0379456597079433e-06, -8.13364446793196e-08, -2.710366976501266
13454.796, 1, 0, 0, 0, 0, 0, -0.241067576242, -2.356734520354279, -3.6218628450866666, -1.4256886972680016e-05, 2.19676411941732e-05, -2.218262909022278e-06, -2.884290141223492
13456.214, 1, 0.25, 0, 0, 0, 0, 0, -2.5986548835848846, -3.685610200569683, -1.0602188518588074e-05, -6.847664459497425e-07, -1.3795302083942406e-07, -2.884084553987789
13457.513, 1, 0, 0, 0, 0, 0, -0.241067576242, -2.598611519462912, -3.6856043117910424, -1.2490472040854739e-05, 1.0422267018440173e-05, -1.8764294692430531e-06, -3.05866305480633
13459.017, 1, 0.25, 0, 0, 0, 0, 0, -2.847721387625485, -3.706338458293148, -1.0449637850573623e-05, -9.002876065030074e-08, -3.582354542943946e-08, -3.0585978731264554
13460.313, 1, 0, 0, 0, 0, 0, -0.241067576242, -2.8477074936987656, -3.7063398803922576, -1.1343893959819829e-05, 5.4213525132972005e-06, -8.710431959919191e-07, 3.0499993221599473
13461.812, 1, 0, 0, 0, 0, 0, -0.241067576242, -2.8476991778996763, -3.706342319730377, -1.20531664893897e-05, 9.776550995716166e-06, -9.597446639253278e-07, 2.8751993424670514
13463.231, 1, 0, 0, 0, 0, 0, -0.241067576242, -2.847695461823679, -3.7063442345705244, -1.283066286172918e-05, 1.2644905058185214e-05, -7.290683816624273e-07, 2.700379892233973
13464.629, 1, 0, 0, 0, 0, 0, -0.241067576242, -2.847693764285377, -3.706345318376603, -1.348379126067667e-05, 1.5994688732291064e-05, -2.180317995301996e-07, 2.525899170793231
13466.031, 1, 0.25, 0, 0, 0, 0, 0, -3.0519896976489234, -3.5618210449310115, -1.2159831622615691e-05, 8.851533903207525e-06, 4.687665235511087e-06, 2.5259025741418313
13467.331, 1, 0.25, 0, 0, 0, 0, 0, -3.2558789796875383, -3.4175860226847865, -1.1952230676598452e-05, 7.865258866220489e-06, 6.991316986281641e-06, 2.5259044341506764
13468.746, 1, 0.25, 0, 0, 0, 0, 0, -3.4601771073587866, -3.2730624991072617, -1.2595333677617448e-05, 1.085760544758942e-05, 8.302707942220699e-06, 2.525905476662094
13470.146, 1, 0.25, 0, 0, 0, 0, 0, -3.664067323117522, -3.1288280807916298, -1.4253996684865378e-05, 1.790439590530344e-05, 1.0555568148877672e-05, 2.525905909144161
13471.545, 1, 0, 0, 0, 0, 0, -0.241067576242, -3.6640677028164914, -3.128827900450308, -1.4788140666605054e-05, 1.7119930472370445e-05, 1.0250165913823265e-05, 2.3510636880303717
13473.046, 1, 0, 0, 0, 0, 0, -0.241067576242, -3.6640679899490562, -3.1288277234454807, -1.5573160686788157e-05, 1.679237681718906e-05, 1.0813559399081656e-05, 2.1763958501074137
13474.449, 1, 0.25, 0, 0, 0, 0, 0, -3.8063810621865226, -2.9232881116960185, -1.6369521535219977e-05, 1.558105814611948e-05, 1.6851233940794235e-05, 2.176395596231952
13484.564, 1, 0.25, 0, 0, 0, 0, 0, -3.948837682817928, -2.7175439638747263, -2.3793813394346053e-05, 2.4930258305443377e-05, 2.2532740962087138e-05, 2.176396262664069
13489.162, 1, 0.25, 0, 0, 0, 0, 0, -4.0907393659451845, -2.5124011828611916, -5.391912124572129e-05, 0.00011738803670898791, 0.00010353643360430675, 2.175103559068678
13490.962, 1, 0.25, 0, 0, 0, 0, 0, -4.229596682678783, -2.312131314418566, -4.053977105727968e-05, -9.145270518396574e-05, 2.1160003808137976e-05, 2.168283987910928
13492.379, 1, 0.25, 0, 0, 0, 0, 0, -4.365722979113054, -2.112187735973014, -2.1134075749856818e-05, -1.1150877831056368e-05, -1.2155428830551714e-05, 2.1677874704948086
13493.781, 1, 0.25, 0, 0, 0, 0, 0, -4.501661297842491, -1.912213994636878, -1.850417375023894e-05, -2.1321646671678762e-07, 7.707563149667057e-08, 2.1678083159337422
13495.181, 1, 0.25, 0, 0, 0, 0, 0, -4.639881372459288, -1.7088844580054563, -1.821528285819718e-05, -1.1773231090807549e-06, -1.0411646990053941e-07, 2.1678190809983096
13496.579, 1, 0.25, 0, 0, 0, 0, 0, -4.778972932426793, -1.5042844429630824, -1.545388046178542e-05, -3.46680201394674e-06, -1.3483973240982936e-06, 2.1678146974804204
13498.079, 1, 0, 0, 0, 0, 0, -0.241067576242, -4.7784353893922455, -1.503749426268961, -1.9638259911330946e-05, 3.0508283322970685e-05, -4.8129683059907e-06, 2.0174314574161403
13499.396, 1, 0.25, 0, 0, 0, 0, 0, -4.8856978424949435, -1.2797931007811605, -1.7936591072575947e-05, 1.6425295981686832e-06, -2.3709284044733544e-06, 2.0174776139993043
13501.096, 1, 0.25, 0, 0, 0, 0, 0, -4.993235338342398, -1.055283711429685, -1.632890615832494e-05, 2.8305638665709032e-06, -4.7764817283293016e-06, 2.0175547530438016
13502.495, 1, 0.25, 0, 0, 0, 0, 0, -5.100955141656153, -0.8304326353192087, -1.3074203285029506e-05, 4.611221468316585e-07, -3.479652373570345e-06, 2.017629705624619
13503.897, 1, 0, 0, 0, 0, 0, -0.241067576242, -5.101225931598308, -0.829593472051199, -1.852661853596338e-05, 4.1641658847913147e-05, -1.2842593031913767e-06, 1.8576066917953877
13505.796, 1, 0.25, 0, 0, 0, 0, 0, -5.171821325358883, -0.5902939289158972, -9.300143977736264e-06, 5.938179997200701e-08, 6.310996950537757e-08, 1.8576519042778739
13507.312, 1, 0.25, 0, 0, 0, 0, 0, -5.242494453379227, -0.35073622692492157, -1.3375217663619265e-05, 1.0782307262822976e-05, -8.250035185289395e-07, 1.857719529241171
13508.913, 1, 0.25, 0, 0, 0, 0, 0, -5.313156931078906, -0.11125106720255948, -1.1861932369100492e-05, 4.960933049166241e-06, -1.3625295054750518e-07, 1.8577957328456178
13510.712, 1, 0.25, 0, 0, 0, 0, 0, -5.383856457913879, 0.12833856255988643, -1.0565479280133516e-05, 1.214641514167685e-06, -7.587021052462032e-08, 1.8578849153034422
13512.114, 1, 0, 0, 0, 0, 0, -0.241067576242, -5.384091283556949, 0.12937104074565842, -2.0132428438790484e-05, 5.403994838745067e-05, 5.024049213104607e-08, 1.6950588372819257
13513.53, 1, 0.25, 0, 0, 0, 0, 0, -5.415031900746083, 0.37693938498135976, -1.3764335410421102e-05, 1.5203825162211173e-05, -4.283570795290683e-09, 1.6951138170572049
13514.829, 1, 0, 0, 0, 0, 0, -0.241067576242, -5.415081802398705, 0.37800475103656034, -1.6205160486476577e-05, 2.9277266504989183e-05, 7.777229875137698e-07, 1.534733419975401
13516.23, 1, 0.25, 0, 0, 0, 0, 0, -5.406097781288103, 0.6271324998073389, -1.2598885238523927e-05, 1.093387847073924e-05, 3.2605935603887843e-07, 1.5347590038697252
13517.43, 1, 0, 0, 0, 0, 0, -0.241067576242, -5.4059588213676975, 0.6281792794142613, -1.7968720149724726e-05, 3.9255692294781495e-05, 1.8424341683546114e-06, 1.3760804322064575
13518.747, 1, 0.25, 0, 0, 0, 0, 0, -5.357752354609271, 0.8726321443374524, -1.430956007988926e-05, 1.788453041086339e-05, 5.9103456780803285e-08, 1.3760977328155501
13520.047, 1, 0, 0, 0, 0, 0, -0.241067576242, -5.357446680905754, 0.8736392852693341, -1.5211410086257704e-05, 2.1105659943763298e-05, 2.2573353306023107e-06, 1.2180668385279476
13521.446, 1, 0.25, 0, 0, 0, 0, 0, -5.2713968019093045, 1.1073836341953343, -1.389616459046561e-05, 1.6203933560285677e-05, 1.0095221340734821e-07, 1.2180704574749333
13522.848, 1, 0, 0, 0, 0, 0, -0.241067576242, -5.270925444015323, 1.108322540163511, -1.580900824002529e-05, 2.3086456394864686e-05, 3.1594782564215495e-06, 1.0603872430472243
13524.346, 1, 0.25, 0, 0, 0, 0, 0, -5.149139759082099, 1.325827651065489, -1.3305973476041011e-05, -3.762128007342181e-06, 5.827766604735846e-06, 1.0603790560506798
13525.663, 1, 0, 0, 0, 0, 0, -0.241067576242, -5.148558097543667, 1.326696859132863, -1.6747593051341658e-05, 1.2487355841593546e-05, 9.365026951456818e-06, 0.9033615346974595
13527.163, 1, 0.25, 0, 0, 0, 0, 0, -4.994434693657406, 1.5222753123578683, -1.917738440412875e-05, -5.160621833716158e-06, 1.944184532450483e-05, 0.9032123806141592
13528.664, 1, 0, 0, 0, 0, 0, -0.241067576242, -4.993741090244004, 1.523060949206465, -2.059871058585072e-05, 6.252319155695572e-07, 2.4448732326573833e-05, 0.7461643945937634
13530.763, 1, 0.25, 0, 0, 0, 0, 0, -4.810873617251233, 1.6922284287037832, -3.106549112122381e-05, -6.914380253688884e-05, 5.2393035128577684e-05, 0.7452147046849222
13532.364, 1, 0, 0, 0, 0, 0, -0.241067576242, -4.810907760711232, 1.6931294231265828, -2.8237251171070454e-05, -2.3859027415579914e-05, 8.76166448659198e-06, 0.5921224431358841
13533.68, 1, 0.25, 0, 0, 0, 0, 0, -4.607135713465611, 1.8297444844502189, -3.15660985060473e-05, -6.672496559994766e-05, -6.204247597988205e-05, 0.5953973417025433
13536.881, 1, 0.25, 0, 0, 0, 0, 0, -4.403569197596992, 1.9676359054042578, -1.8821757030190733e-05, -6.330250988961538e-06, -6.656276763435403e-06, 0.5956920291784397
13538.681, 1, 0.25, 0, 0, 0, 0, 0, -4.199358846243298, 2.106361528976783, -1.7156237976434507e-05, -3.936067501462591e-06, -2.5884059294995172e-06, 0.5966445598336518
13540.182, 1, 0.25, 0, 0, 0, 0, 0, -3.9952324944760775, 2.245918338057077, -1.4839123600035586e-05, -8.70741876789476e-06, -3.8108530385228886e-06, 0.5987868348203415
13541.881, 1, 0.25, 0, 0, 0, 0, 0, -3.7905068248858345, 2.3862504635423654, -1.0699152027615622e-05, -3.651186770589895e-06, -3.6498798712426977e-06, 0.6002475493493384
13543.597, 1, 0.25, 0, 0, 0, 0, 0, -3.585343344490668, 2.5270953805974936, -1.3815567549091412e-05, -1.0169719121486792e-05, -5.112008586703902e-06, 0.6011651692677599
13544.897, 1, 0, 0, 0, 0, 0, 0.241067576242, -3.5856289065659235, 2.529020585545504, -1.6006350075731257e-05, -2.3094729384561988e-05, 4.909515937619721e-06, 0.756739204230342
13546.297, 1, 0, 0, 0, 0, 0, 0.241067576242, -3.5859450513273523, 2.530636691384939, -1.5300359637815397e-05, -2.2573461013425242e-05, 2.7132080391424436e-06, 0.9109675378528455
13547.696, 1, 0, 0, 0, 0, 0, 0.241067576242, -3.5862396949985533, 2.5320162764282212, -1.572303462946123e-05, -2.8433013271017972e-05, 2.5657467851801555e-06, 1.0632550343898723
13549.199, 1, 0, 0, 0, 0, 0, 0.241067576242, -3.5864852364599638, 2.533217789454357, -1.527137868634343e-05, -2.51126664667844e-05, 1.8747679395698527e-06, 1.2139244465096184
13550.714, 1, 0, 0, 0, 0, 0, 0.241067576242, -3.58666007021921, 2.534297606345548, -1.4604550260310933e-05, -1.9328669768752082e-05, 1.1519744391535521e-07, 1.3635572465992964
13552.114, 1, 0.25, 0, 0, 0, 0, 0, -3.5360803452761145, 2.7761530866147024, -1.4262790441255113e-05, -1.85545088865748e-05, -9.416905263513923e-07, 1.3642783939989782
13553.614, 1, 0.25, 0, 0, 0, 0, 0, -3.4852433533342055, 3.019568490812562, -1.3638604893562167e-05, -1.4220941664478314e-05, -1.0445071615076742e-06, 1.3646676348230733
13555.213, 1, 0.25, 0, 0, 0, 0, 0, -3.434369505425331, 3.2633373549255884, -1.0902374531662762e-05, 1.5917323035522438e-06, -3.42126136714064e-07, 1.3648749950622006
13556.731, 1, 0.25, 0, 0, 0, 0, 0, -3.3834418586588946, 3.5074642708895, -1.3827835407459466e-05, -1.589302961732156e-05, -1.591772351286305e-06, 1.3649801407833393
13558.43, 1, 0.25, 0, 0, 0, 0, 0, -3.3324742745354428, 3.7518150240872292, -1.2396102124001551e-05, -8.385070087012071e-06, -2.038026074191715e-06, 1.3650401550933875
13560.829, 1, 0, 0, 0, 0, 0, -0.241067576242, -3.3325010105674795, 3.7515644304187883, -1.2289962541128796e-05, 7.267276139047856e-06, 8.086248898602231e-07, 1.192021133103294
13562.829, 1, 0.25, 0, 0, 0, 0, 0, -3.240237363743172, 3.983476588425017, -9.839183101295612e-06, 2.313616875954497e-06, -5.106504622933882e-07, 1.191982551732412
13564.147, 1, 0, 0, 0, 0, 0, -0.241067576242, -3.240268110439627, 3.983376475433033, -1.1860315384970566e-05, 3.2241936055314145e-06, -9.023414484875379e-08, 1.018018646506365
13565.648, 1, 0, 0, 0, 0, 0, -0.241067576242, -3.2402989295464013, 3.9833161432665873, -1.2113056865131755e-05, 7.147764344765473e-06, 3.5143052890340206e-07, 0.8437708142812861
13566.947, 1, 0.25, 0, 0, 0, 0, 0, -3.074198150921428, 4.170104978017523, -1.1353403513963967e-05, 5.275725150388486e-06, 8.467761969270616e-07, 0.8438580397334029
13568.347, 1, 0, 0, 0, 0, 0, -0.241067576242, -3.0742147518489276, 4.1700856409832, -1.1774336253739248e-05, 8.297765241082556e-06, 1.3391351968217168e-06, 0.6691503874592613
13569.948, 1, 0.25, 0, 0, 0, 0, 0, -2.878148712524748, 4.32516765474718, -1.1296259329413028e-05, 9.12177527722244e-06, 1.5733516417008047e-07, 0.6691769268983826
13571.762, 1, 0.25, 0, 0, 0, 0, 0, -2.6820771455022894, 4.480253721320433, -1.2370951539913966e-05, 9.692705025972771e-06, 6.412723319859152e-07, 0.6691910793232766
13573.065, 1, 0, 0, 0, 0, 0, -0.241067576242, -2.6820795661752066, 4.480252127902854, -1.2712456002067496e-05, 1.1702254734005288e-05, 1.3446798903633616e-06, 0.494540530663012
13574.364, 1, 0.25, 0, 0, 0, 0, 0, -2.462255378676438, 4.598791331674262, -1.280219985921871e-05, 1.2680949577576722e-05, 6.961192697460148e-07, 0.4945448320780234
13575.764, 1, 0, 0, 0, 0, 0, -0.241067576242, -2.462256073875266, 4.598791052949813, -1.3222045336769295e-05, 1.4653679268828578e-05, 1.5105176762432924e-06, 0.32005685582137255
13576.982, 1, 0.25, 0, 0, 0, 0, 0, -2.2247149680219978, 4.6775251134970235, -1.321427175746126e-05, 1.446202646868063e-05, 7.662059546197547e-07, 0.3200580038287689
13578.68, 1, 0.25, 0, 0, 0, 0, 0, -1.9874113529597253, 4.756181317961678, -1.4444870132912513e-05, 2.0685659807888674e-05, 4.6980347106519446e-07, 0.3200587913077673
13580.282, 1, 0.25, 0, 0, 0, 0, 0, -1.7498707601082926, 4.834917193395136, -1.7976575068412437e-05, 3.608046613663421e-05, 8.270382259081654e-07, 0.32005876721986337
13581.88, 1, 0.25, 0, 0, 0, 0, 0, -1.512332845119487, 4.913657222229387, -3.215562355832202e-05, 9.74533413259763e-05, 3.1189423736049943e-06, 0.3200548609771696
13583.296, 1, 0.25, 0, 0, 0, 0, 0, -1.278397524099595, 4.99107702498891, -2.5125076043353012e-05, -2.9521779851914895e-05, -2.896278678266438e-05, 0.318590590142863
13584.698, 1, 0.25, 0, 0, 0, 0, 0, -1.0467637752563552, 5.065886331672681, -4.784478331484876e-05, -0.0002347281346755181, 0.000200149103487093, 0.31426395675693075
13586.097, 1, 0.25, 0, 0, 0, 0, 0, -0.8187975759961911, 5.140052428915612, -1.8135602750102287e-05, -3.346689039933078e-06, 3.3314874456632733e-06, 0.31442940352120946
13587.598, 1, 0.25, 0, 0, 0, 0, 0, -0.58604994497764, 5.215744351578104, -1.3307055357236752e-05, -5.207921431430189e-06, 3.6294583675073448e-06, 0.31445859714035396
13589.016, 1, 0.25, 0, 0, 0, 0, 0, -0.3514229445035212, 5.292050591808178, -1.8399289204718006e-05, -4.911658240553746e-07, 7.014934691801853e-08, 0.3144982058760419
13590.815, 1, 0.25, 0, 0, 0, 0, 0, -0.11546290783019882, 5.368805087641669, -1.7729278120687253e-05, -2.6745909204624345e-06, 6.28606986486744e-08, 0.31454930466721726
13592.414, 1, 0.25, 0, 0, 0, 0, 0, 0.12138866190722451, 5.445861509578346, -1.447024176498557e-05, -5.875868827813088e-06, 1.3517449967200338e-06, 0.31460133760364634
13594.014, 1, 0.25, 0, 0, 0, 0, 0, 0.3581716723423118, 5.522907738458646, -1.1417759978621378e-05, -3.7089670020659774e-06, 1.512407601942119e-06, 0.314655755008283
13595.43, 1, 0, 0, 0, 0, 0, -0.241067576242, 0.35891423076213336, 5.523124992433579, -1.7379458447180918e-05, 1.7968285522919792e-05, 2.891494831407436e-06, 0.15467571494912438
13597.331, 1, 0, 0, 0, 0, 0, -0.241067576242, 0.3597650395679334, 5.52317946756432, -1.5872460379928732e-05, 1.8070906470784588e-05, 2.3253396205284115e-06, -0.0018388652722902325
13598.731, 1, 0, 0, 0, 0, 0, -0.241067576242, 0.36065587372311164, 5.523069289030838, -1.5073703172746589e-05, 2.2302282636514217e-05, 7.23242091449059e-07, -0.15559944013577223
13600.329, 1, 0, 0, 0, 0, 0, -0.241067576242, 0.3615426707078102, 5.52282298812122, -1.593123908144589e-05, 3.416387686500967e-05, -2.8970253555931046e-07, -0.306668404360252
13601.748, 1, 0, 0, 0, 0, 0, -0.241067576242, 0.362393741534027, 5.522433539114697, -1.4508574476296277e-05, 1.937529320142539e-05, 3.5840942208245057e-07, -0.4563090385800868
13603.045, 1, 0.25, 0, 0, 0, 0, 0, 0.5848719545215232, 5.413229347943578, -1.418709575826127e-05, 1.8292928060577407e-05, 2.3623790855107745e-07, -0.4563717248163222
13604.546, 1, 0.25, 0, 0, 0, 0, 0, 0.8078891289584533, 5.303741643903856, -1.3776934675219232e-05, 1.636690540404084e-05, 1.577541059443855e-07, -0.456372006121348
13605.847, 1, 0.25, 0, 0, 0, 0, 0, 1.0315734609765568, 5.193926669917603, -1.2742698213302761e-05, 1.101798586539684e-05, 1.1773860066991073e-08, -0.456335126026969
13607.147, 1, 0.25, 0, 0, 0, 0, 0, 1.2553050499299145, 5.084093559246172, -1.058422264971215e-05, 3.7755244066839617e-06, -1.1710235064932139e-07, -0.45624273155934336
13608.563, 1, 0.25, 0, 0, 0, 0, 0, 1.479436105166912, 4.974088265815763, -1.272249435990691e-05, 9.726666475964416e-06, -1.2828397697098302e-07, -0.456166548905639
13609.966, 1, 0.25, 0, 0, 0, 0, 0, 1.7036795400144231, 4.864038340263535, -1.1573088787880659e-05, 4.395749174528169e-06, -3.5379094156595314e-08, -0.4561491417784712
13611.564, 1, 0.25, 0, 0, 0, 0, 0, 1.9279842751064837, 4.753942909533194, -1.0657703043093214e-05, 5.119154708839133e-07, -1.1968798848837968e-07, -0.45620997433266236
13612.964, 1, 0.25, 0, 0, 0, 0, 0, 2.1525293277415143, 4.643664142243656, -9.554127947924984e-06, -1.229883499727392e-06, -7.436434206360836e-08, -0.45640167336415055
13614.481, 1, 0.25, 0, 0, 0, 0, 0, 2.3768588712781304, 4.533449267685957, -1.06002513446668e-05, 1.758286746907651e-07, -2.2867579194241263e-09, -0.4565653928090441
13615.78, 1, 0, 0, 0, 0, 0, -0.241067576242, 2.3776772385420375, 4.533001680471528, -2.1045044362011378e-05, 3.7054066516081625e-05, 5.144379954779171e-06, -0.6219420208132155
13617.084, 1, 0, 0, 0, 0, 0, -0.241067576242, 2.3785780790944604, 4.532418204290965, -1.833972235590342e-05, 1.653325155872347e-05, 9.787972395327571e-06, -0.7812395622678354
13618.381, 1, 0, 0, 0, 0, 0, -0.241067576242, 2.3793769390020603, 4.531737523167082, -2.0198526850839782e-05, 1.729239195475265e-05, 1.1738131521606067e-05, -0.9370901924268931
13619.797, 1, 0, 0, 0, 0, 0, -0.241067576242, 2.3801334874673286, 4.5310139634501585, -1.859194891862259e-05, 1.968092731483345e-06, 9.429870748645302e-06, -1.0896071455066638
13621.098, 1, 0, 0, 0, 0, 0, -0.241067576242, 2.3808095668250897, 4.5302195532463605, -1.9076644656279562e-05, -7.922647170109684e-07, 7.325705514039579e-06, -1.2397013148020681
13622.498, 1, 0, 0, 0, 0, 0, -0.241067576242, 2.3813272498686624, 4.529337496873975, -1.9543589465043087e-05, -3.1287614169917217e-06, 4.7964093719002e-06, -1.3881081799272814
13623.799, 1, 0, 0, 0, 0, 0, -0.241067576242, 2.38162522367048, 4.528383669980104, -2.0064999585345245e-05, -5.419257490338485e-06, 2.396447703594447e-06, -1.536010377416514
13625.113, 1, 0.25, 0, 0, 0, 0, 0, 2.3901970226811917, 4.281356297843986, -2.6450385953391553e-05, -3.936876530403406e-05, -1.2328738124931371e-05, -1.5361684388874797
13626.713, 1, 0.25, 0, 0, 0, 0, 0, 2.3983332335109284, 4.0327143848422695, -5.851062153247599e-05, -0.00019929874027879032, -4.44709210217039e-05, -1.5373870500661377
13628.112, 1, 0.25, 0, 0, 0, 0, 0, 2.40700407790639, 3.789176615986943, -2.2017282219011225e-05, -7.223542385276609e-05, 4.072612284635029e-05, -1.5359437369215794
13629.516, 1, 0.25, 0, 0, 0, 0, 0, 2.4155280340500918, 3.5445139674900834, -1.2638991900432162e-05, -1.6299985367656188e-05, 1.165914000940244e-05, -1.5358013650321525
13630.933, 1, 0.25, 0, 0, 0, 0, 0, 2.4241090590940733, 3.2976920442900877, -1.6932859360135888e-05, -7.435921119658162e-06, -7.681897036808892e-07, -1.5352804617765996
13632.232, 1, 0.25, 0, 0, 0, 0, 0, 2.424958847997079, 3.295517629560812, -1.0686471347887139e-05, 7.79236717505994e-07, 2.5152103483367747e-06, -1.6854112405779236
13633.231, 1, 0.25, 0, 0, 0, 0, 0, 2.396829427546512, 3.0512268511229195, -1.6915279243912007e-05, -1.4127766249266714e-06, 2.5256655096599945e-06, -1.6854159896927574
13634.731, 1, 0.25, 0, 0, 0, 0, 0, 2.368357901179467, 2.8040394352877422, -1.354504804185197e-05, -3.6338000427359397e-06, 3.858776701822754e-06, -1.6854198111113612
13636.431, 1, 0, 0, 0, 0, 0, -0.241067576242, 2.36844057352691, 2.803416975674721, -2.227282097175265e-05, 6.0666922910699136e-05, 1.9348130264547374e-06, -1.8430550471927645
13637.848, 1, 0.25, 0, 0, 0, 0, 0, 2.3013949498606014, 2.5633220907777767, -1.6044168091478017e-05, 8.334259136138022e-06, 5.989094493862781e-06, -1.8431050613653133
13639.347, 1, 0.25, 0, 0, 0, 0, 0, 2.2342322562275503, 2.3228921594604555, -1.2799512317335227e-05, 5.171934596372719e-06, 2.4204173854917433e-06, -1.8431404960077122
13640.747, 1, 0.25, 0, 0, 0, 0, 0, 2.1670643457762413, 2.0824934436950353, -1.1326284266421904e-05, 1.8518226884645537e-06, 8.055513189799186e-07, -1.8431735391891944
13642.147, 1, 0.25, 0, 0, 0, 0, 0, 2.0998394531704623, 1.8419631359148043, -9.597515484821573e-06, -6.945563700235796e-08, 3.4410554796147304e-08, -1.8431966597542395
13643.564, 1, 0.25, 0, 0, 0, 0, 0, 2.0326575886401517, 1.60158941007154, -1.1026871251429426e-05, 7.264007185505387e-07, 3.200613185218085e-07, -1.843181551418575
13645.165, 1, 0.25, 0, 0, 0, 0, 0, 1.9653392619332963, 1.3606747560045571, -1.0599338005901071e-05, -2.8053351848585574e-08, 9.082070514733378e-08, -1.843138796976716
13647.164, 1, 0.25, 0, 0, 0, 0, 0, 1.8980617391362107, 1.1199730944567319, -1.0330328845786774e-05, -1.667456031958244e-07, -4.44098038309629e-08, -1.8432372562479358
13648.264, 1, 0, 0, 0, 0, 0, 0.241067576242, 1.8975638734683407, 1.1196939975216802, -2.7191006492816028e-05, -7.92935541034089e-05, 7.231415856110891e-07, -1.671654272010382
13650.379, 1, 0.25, 0, 0, 0, 0, 0, 1.8723476423515335, 0.8711301441714345, -1.1497271750149363e-05, -4.318859396775941e-06, 3.694795773481194e-06, -1.6715330165436633
13651.98, 1, 0, 0, 0, 0, 0, -0.241067576242, 1.8722103973721422, 0.8710314918309441, -4.531896601692176e-05, 0.00015732388546562108, 2.178919291489553e-05, -1.844189125257002
13653.38, 1, 0, 0, 0, 0, 0, -0.241067576242, 1.8715874261275878, 0.8701560440553766, -1.779837516635574e-05, 3.659237083858997e-05, 2.7108028363712377e-06, -2.00638122133961
13654.883, 1, 0, 0, 0, 0, 0, -0.241067576242, 1.8708838747906749, 0.869387581130612, -1.5730142804953884e-05, 2.636485409422848e-05, 9.678299289604193e-07, -2.1647407231652784
13656.379, 1, 0, 0, 0, 0, 0, -0.241067576242, 1.8700736621027017, 0.8687480230548946, -1.7505273437606883e-05, 3.9252385358674905e-05, 1.1570829229726181e-07, -2.3197255715989664
13657.8, 1, 0.25, 0, 0, 0, 0, 0, 1.7008978923502263, 0.6867717636622753, -1.4343500020191913e-05, 1.8586143456143748e-05, 5.946912341860737e-07, -2.3197598396447736
13659.198, 1, 0.25, 0, 0, 0, 0, 0, 1.531218524559081, 0.5042629849589538, -1.4036915845033748e-05, 1.7078859087073785e-05, 4.149386485764698e-07, -2.319706110783946
13660.697, 1, 0.25, 0, 0, 0, 0, 0, 1.3613471818580012, 0.32152901179829124, -1.2524474295838584e-05, 8.927653637404787e-06, -1.6506417621608094e-07, -2.3196110253316022
13661.997, 1, 0.25, 0, 0, 0, 0, 0, 1.1913658566855896, 0.13864403538225623, -1.0306754015476649e-05, 4.3391116503276e-07, -6.709150362465772e-07, -2.3195357851003298
13663.415, 1, 0.25, 0, 0, 0, 0, 0, 1.0213145704883813, -0.04433072500392642, -1.1853846783010935e-05, 5.0697581214112414e-06, -2.4756512033614457e-08, -2.319522798166071
13664.812, 1, 0.25, 0, 0, 0, 0, 0, 0.8512000201696456, -0.2273500689863125, -1.0861138147855165e-05, 1.1982446907130037e-06, -2.8819298094432534e-08, -2.3195935930214286
13666.217, 1, 0.25, 0, 0, 0, 0, 0, 0.681007804971518, -0.4103587077041672, -1.0676486390553963e-05, 3.8638513830595936e-07, -1.1756625687877233e-08, -2.3198027530100997
13667.313, 1, 0, 0, 0, 0, 0, -0.241067576242, 0.6802744158800911, -0.41107874761022795, -2.6267834435017567e-05, 7.127469455674801e-05, 2.119831119324903e-06, -2.483592470923095
13668.616, 1, 0.25, 0, 0, 0, 0, 0, 0.48280170184241183, -0.5637058740457626, -1.3686884190178272e-05, -2.1477252982885797e-05, -1.3752205680141987e-05, -2.483514811666281
13669.93, 1, 0.25, 0, 0, 0, 0, 0, 0.28516294521773633, -0.7163910726939472, -2.4579844012773133e-05, -5.3434237165203495e-05, -4.379188210959947e-05, -2.483411397277786
13671.328, 1, 0.25, 0, 0, 0, 0, 0, 0.08767177998841831, -0.869012106489259, -3.188383073801648e-05, -9.183997194653867e-05, -4.002098932864635e-05, -2.4833977813126142
13672.93, 1, 0.25, 0, 0, 0, 0, 0, -0.10750032768834104, -1.0213196867865562, -3.5785887976536035e-05, -0.00011083489579580256, 6.307715348336131e-05, -2.4796922591294104
13674.345, 1, 0.25, 0, 0, 0, 0, 0, -0.30004783888471565, -1.1741181616749239, -1.957151096598775e-05, -2.319850876883667e-05, 2.1929617914211693e-05, -2.4738402098126056
13675.745, 1, 0.25, 0, 0, 0, 0, 0, -0.4943469617806209, -1.3276384238372017, -1.6455927381003876e-05, -1.2799818047300051e-05, 1.0665793759766788e-05, -2.4727050035148026
13677.346, 1, 0.25, 0, 0, 0, 0, 0, -0.6886063170781557, -1.4807152076767174, -1.4348697508131947e-05, -1.649119223291365e-05, 6.875084784339491e-06, -2.4690988475528926
13678.946, 1, 0.25, 0, 0, 0, 0, 0, -0.8829620317077107, -1.6351352088461384, -1.087108450539831e-05, -5.205159508327545e-06, 3.594915007579971e-06, -2.466041068338049
13680.365, 1, 0.25, 0, 0, 0, 0, 0, -1.0772027598329, -1.7905599843023061, -1.3447516373610302e-05, -1.3340953003401648e-05, 6.096191946818029e-06, -2.4641644649445165
13681.762, 1, 0.25, 0, 0, 0, 0, 0, -1.2714703613886134, -1.9466917109641202, -1.2561122182647155e-05, -1.0276437911808166e-05, 6.92965819678097e-06, -2.4629913039338107
13683.163, 1, 0.25, 0, 0, 0, 0, 0, -1.4657511178672433, -2.1032595359558344, -1.1892634897842091e-05, -6.978433379835914e-06, 6.145119600267987e-06, -2.462256792925467
13684.662, 1, 0.25, 0, 0, 0, 0, 0, -1.6600378817535275, -2.260101533776277, -1.0681528164580012e-05, -1.2915449620156871e-06, 2.256186983473747e-06, -2.461789464741236
13686.079, 1, 0.25, 0, 0, 0, 0, 0, -1.854326424273894, -2.4171175526171926, -1.164860776531329e-05, -5.200517009192264e-06, 4.929684047032631e-06, -2.461478543117026
13687.579, 1, 0.25, 0, 0, 0, 0, 0, -2.048809061791252, -2.574407196786147, -1.1025310210466266e-05, -1.8610070478679334e-06, 2.381788603465213e-06, -2.4612709946311364
13688.98, 1, 0.25, 0, 0, 0, 0, 0, -2.2430922896543963, -2.731619246522268, -1.07160712460308e-05, -3.1154924310512787e-07, 9.014921677487475e-07, -2.4611159300214083
13690.382, 1, 0.25, 0, 0, 0, 0, 0, -2.437357935528308, -2.888897813053259, -1.0503192553162899e-05, 2.427311325975495e-07, 2.8410725090275474e-07, -2.460954076595334
13691.797, 1, 0.25, 0, 0, 0, 0, 0, -2.6317907554088995, -3.046395008072272, -1.0780562334694599e-05, 1.7552641660306147e-07, 7.784647374772461e-08, -2.460769940545978
13693.095, 1, 0.25, 0, 0, 0, 0, 0, -2.8262172569637194, -3.203920945711835, -1.0680686851616272e-05, 3.1008374557579035e-07, -3.582300019926539e-07, -2.4606627307607716
13694.497, 1, 0.25, 0, 0, 0, 0, 0, -3.020445413721088, -3.361306005997075, -1.0644660995429156e-05, 4.240813948905284e-07, -5.843338382888847e-07, -2.4606001672257367
13695.896, 1, 0.25, 0, 0, 0, 0, 0, -3.2146719942975395, -3.5187009277738235, -1.060268397645725e-05, 1.8792749298360126e-06, -1.2558837478532706e-06, -2.4605656445583635
