time, t_command, c_linear_x, c_linear_y, c_linear_z, c_angular_x, c_angular_y, c_angular_z, pos_x, pos_y, pos_z, ang_x, ang_y, ang_z
6795.107, 1, 0.25, 0, 0, 0, 0, 0, 4.690566061439859, 1.0615305294807276, -1.5628757443431063e-05, -2.6434619097809183e-05, -2.8344522540720473e-05, -2.309502696888796
6797.223, 1, 0.25, 0, 0, 0, 0, 0, 4.5226450298171486, 0.876217023183, -1.6251060868610612e-05, -8.379603271115753e-06, -9.776999245430816e-06, -2.307735636883427
6799.222, 1, 0.25, 0, 0, 0, 0, 0, 4.356350886683104, 0.6924118973506272, -1.002304079417149e-05, -2.5417387532973624e-06, -3.37145499955819e-06, -2.3066976630748375
6800.723, 1, 0, 0, 0, 0, 0, 0.241067576242, 4.357826713660975, 0.689647584249748, -2.1192722532148434e-05, -5.091180947210546e-05, 2.1516865067257247e-05, -2.1567830344795045
6802.141, 1, 0.25, 0, 0, 0, 0, 0, 4.220931623739274, 0.4823457209910193, -1.456628238988289e-05, -1.18134912715111e-05, -3.0007292649265217e-06, -2.1550684886382814
6804.037, 1, 0.25, 0, 0, 0, 0, 0, 4.083176914532111, 0.2734322903578279, -1.0875172399366084e-05, -4.127632124096076e-06, -4.037764102216599e-06, -2.1541611881184393
6805.74, 1, 0.25, 0, 0, 0, 0, 0, 3.946279507207724, 0.06561094573761247, -9.316152641963837e-06, 9.499812709134825e-08, -2.821181209690234e-07, -2.1535786171512807
6807.256, 1, 0.25, 0, 0, 0, 0, 0, 3.8086328900400432, -0.1434885939609375, -9.277209853553181e-06, 2.1636679635339315e-07, -1.0896024938395814e-07, -2.1531917327610155
6809.058, 1, 0.25, 0, 0, 0, 0, 0, 3.6712266948402243, -0.3523232805313593, -9.339560385984713e-06, 4.177861707225046e-07, -3.7542397064869294e-07, -2.1529298334010063
6810.557, 1, 0.25, 0, 0, 0, 0, 0, 3.5357166379053138, -0.5583375277403615, -9.418875501432389e-06, 7.944545010917494e-07, -6.817020842942653e-07, -2.1527653510758484
6812.858, 1, 0, 0, 0, 0, 0, -0.241067576242, 3.53382611699838, -0.5612602328307645, -3.844861190305249e-05, 0.0001376743668637518, 7.748001132395298e-05, -2.324019677628242
6814.387, 1, 0.25, 0, 0, 0, 0, 0, 3.3623876268918074, -0.743135564830824, -1.1442817811818662e-05, -1.518771462460071e-06, -6.923793663525458e-07, -2.3266226064026316
6816.271, 1, 0.25, 0, 0, 0, 0, 0, 3.192667410764077, -0.9231738596892136, -9.932628534325971e-06, -5.221985444924242e-07, -3.709335232272195e-08, -2.326699121060668
6817.689, 1, 0.25, 0, 0, 0, 0, 0, 3.0191527044306117, -1.1072336720456266, -1.097025996871226e-05, -4.135683489279576e-07, -3.335081206868444e-08, -2.326783419871288
6819.089, 1, 0.25, 0, 0, 0, 0, 0, 2.8474884191267855, -1.2892863666800418, -1.080110692561198e-05, -4.0921900164192687e-07, 3.010479984858889e-08, -2.3267452613460082
6820.39, 1, 0.25, 0, 0, 0, 0, 0, 2.67651279297722, -1.47063120678454, -9.643644103107807e-06, -4.145885701210151e-07, -3.96808012307534e-09, -2.3267236195800316
6821.689, 1, 0.25, 0, 0, 0, 0, 0, 2.5064022164038025, -1.6510820999384563, -9.707502844819027e-06, 1.5693918993623817e-07, 2.749275952933767e-07, -2.326704580765476
6822.99, 1, 0.25, 0, 0, 0, 0, 0, 2.333205749384794, -1.8348129699921658, -9.920266316215676e-06, -1.0733873400649044e-08, 3.1024504021369574e-07, -2.3267042384329653
6824.407, 1, 0.25, 0, 0, 0, 0, 0, 2.1613786379711293, -2.0170886899798517, -1.0396716190269606e-05, -1.223107143086967e-07, -3.6829143127301397e-08, -2.3267042508382834
6825.706, 1, 0.25, 0, 0, 0, 0, 0, 1.9900644058448047, -2.1988189013409953, -1.0406707607046872e-05, -2.93021187386479e-07, -9.410816669929603e-08, -2.3267043251507737
6827.108, 1, 0.25, 0, 0, 0, 0, 0, 1.8185779869393939, -2.380731031186686, -1.0359669661175186e-05, -1.1467395385318582e-07, 8.883332330436721e-08, -2.3267042543116117
6828.806, 1, 0.25, 0, 0, 0, 0, 0, 1.6477770719894247, -2.5619155571892, -1.0677523039792636e-05, 4.79634252316257e-08, -8.873419193356199e-08, -2.326704178249604
6830.306, 1, 0.25, 0, 0, 0, 0, 0, 1.4761184356299502, -2.7440097094175733, -1.0973297921379466e-05, 1.99742703942563e-07, -1.7286616523473334e-07, -2.326704171862328
6832.723, 1, 0.25, 0, 0, 0, 0, 0, 1.3038047969642048, -2.926814151572167, -3.3874482195828115e-05, -6.916506306257111e-05, 6.260278391428991e-05, -2.3266200632169545
6834.239, 1, 0, 0, 0, 0, 0, -0.241067576242, 1.30471356898894, -2.9269575337160454, -2.2776737791940782e-05, -2.7669476449907016e-05, 8.445788482064311e-06, -2.4959482489383724
6835.939, 1, 0.25, 0, 0, 0, 0, 0, 1.1053978552163675, -3.0770412694584732, -4.2151019406522217e-05, 2.707135376712345e-05, -0.0001120322678956873, -2.4948150659598443
6838.638, 1, 0.25, 0, 0, 0, 0, 0, 0.9150314643830235, -3.220825975828061, -1.64490831850439e-05, -1.1559706858242432e-05, -1.1231227294139742e-05, -2.49471217979873
6840.039, 1, 0, 0, 0, 0, 0, -0.241067576242, 0.9141521406658506, -3.218669349668101, -1.7009902549852685e-05, -1.3044705082614902e-05, -5.645419057807336e-06, -2.6309257839195936
6841.438, 1, 0.25, 0, 0, 0, 0, 0, 0.7011578991130242, -3.3380006583190722, -1.1539103695584751e-05, 1.5639235149767905e-06, -2.5356451543932706e-06, -2.6309193517535343
6842.857, 1, 0, 0, 0, 0, 0, -0.241067576242, 0.7000468863801007, -3.3356594290666632, -1.6827680662356848e-05, -7.65521013597493e-06, -7.3258695348202585e-06, -2.777707799237238
6844.255, 1, 0.25, 0, 0, 0, 0, 0, 0.4687505736106422, -3.423751401293928, -1.3513234074086222e-05, -2.510573242526255e-06, -4.146099148841485e-06, -2.777704081572076
6845.656, 1, 0, 0, 0, 0, 0, -0.241067576242, 0.46849006189487835, -3.4216912131330837, -1.5623348324944608e-05, 1.6282829533313915e-06, -6.295521552219828e-06, -2.9353384240589335
6846.957, 1, 0.25, 0, 0, 0, 0, 0, 0.2258355390236926, -3.4724618726069902, -1.0843856921433082e-05, 7.120441922364959e-06, 5.115599090614395e-06, -2.935334730263245
6848.356, 1, 0.25, 0, 0, 0, 0, 0, -0.017426120445603332, -3.523383023114572, -1.0850514770455177e-05, 7.390052003120263e-06, 6.499999414201095e-06, -2.9352411054617678
6849.973, 1, 0.25, 0, 0, 0, 0, 0, -0.2617549198244311, -3.574527439698462, -1.556068019309409e-05, 1.5851994411622708e-05, 9.335430781875936e-06, -2.9352232094853137
6851.372, 1, 0, 0, 0, 0, 0, -0.241067576242, -0.2622960332809794, -3.573464302364554, -1.7231520638538722e-05, 2.6167506784312474e-05, 3.290187342257129e-06, -3.102380673339574
6852.573, 1, 0.25, 0, 0, 0, 0, 0, -0.5115480342638221, -3.5830102134243074, -1.2165360992494323e-05, 1.0058855655641872e-05, 7.823983097956821e-06, -3.1030033131239003
6854.172, 1, 0.25, 0, 0, 0, 0, 0, -0.7618161532530812, -3.592560581644818, -1.0108889329646376e-05, 3.940074621450742e-06, 3.7739688621759217e-06, -3.1032776222337533
6862.589, 1, 0.25, 0, 0, 0, 0, 0, -1.0111970730188442, -3.6020392993405745, -1.1082406585538607e-05, 7.271403487617016e-06, 8.237104163665567e-06, -3.1034485458293677
6864.189, 1, 0, 0, 0, 0, 0, -0.241067576242, -1.0121906595264587, -3.601215822534836, -1.8115191359191485e-05, 3.693074045277178e-05, -1.4025278812047389e-05, 3.0111144447199436
6865.689, 1, 0.25, 0, 0, 0, 0, 0, -1.2589539180022253, -3.5684857744290177, -1.0592072495652083e-05, 4.4165085327547995e-06, 5.987035754234616e-06, 3.0100432966496675
6868.19, 1, 0.25, 0, 0, 0, 0, 0, -1.5070879093956822, -3.5355296132113794, -9.998039549791171e-06, 2.586561759134725e-06, 3.2318710398107804e-06, 3.0097679283208474
6870.006, 1, 0, 0, 0, 0, 0, -0.241067576242, -1.5079459059875693, -3.5345057694527675, -1.6417956638425935e-05, 2.4725956045793677e-05, -1.0785462280020017e-05, 2.8407456601544427
6871.406, 1, 0.25, 0, 0, 0, 0, 0, -1.7463096237854623, -3.4602943835284825, -1.268645436117155e-05, 8.255328135086868e-06, 1.5009512136123115e-06, 2.8401081596636084
6877.906, 1, 0.25, 0, 0, 0, 0, 0, -1.982639958524362, -3.3866496891824016, -1.1892016394093874e-05, 8.231503879767874e-06, 1.0906913724688345e-05, 2.8397685389845715
6879.306, 1, 0.25, 0, 0, 0, 0, 0, -2.2219131748176038, -3.3120597517470025, -1.2197449627215917e-05, 7.622419259644876e-06, 1.2313762915867586e-05, 2.839606002135142
6880.722, 1, 0.25, 0, 0, 0, 0, 0, -2.462423747115697, -3.2370739485458135, -1.3086238568688069e-05, 6.8808614598278516e-06, 1.2469514785407917e-05, 2.8395538294405447
6882.122, 1, 0, 0, 0, 0, 0, -0.241067576242, -2.462645182051724, -3.2362007380724025, -2.1555476094642367e-05, 3.0492400511943765e-05, -1.208692995302764e-05, 2.6696383077890595
6883.622, 1, 0.25, 0, 0, 0, 0, 0, -2.6820645869571536, -3.123961649484484, -1.6884112829379516e-05, -2.2951819906272387e-05, 1.6738773108293251e-06, 2.669156034532717
6885.022, 1, 0, 0, 0, 0, 0, -0.241067576242, -2.6847196070184145, -3.121509100850297, -2.270414788824171e-05, -3.2868982789297683e-06, -1.8320281163707175e-05, 2.500612794998401
6886.339, 1, 0.25, 0, 0, 0, 0, 0, -2.884558123420289, -2.972021988099589, -2.857005289283454e-05, -7.222965316592165e-05, -3.0085434115172277e-05, 2.4999026886364772
6887.74, 1, 0, 0, 0, 0, 0, -0.241067576242, -2.8840189538291185, -2.9706195995350044, -5.15488067009684e-05, -0.00015900177432649667, -0.0001482217328614036, 2.3341104879507077
6889.04, 1, 0.25, 0, 0, 0, 0, 0, -3.053011046138499, -2.795796995084841, -4.0599892617732e-05, -0.00012405521199296342, 7.048884065518996e-05, 2.3383319759614847
6890.954, 1, 0.25, 0, 0, 0, 0, 0, -3.2263469462023315, -2.618188849338162, -2.7982103018880933e-05, -3.1486302126135684e-05, 7.863970776274551e-05, 2.3423707324109166
6893.158, 1, 0.25, 0, 0, 0, 0, 0, -3.3968192642100123, -2.442165101639295, -2.5212903121574204e-05, 3.093039318177458e-05, 3.59413330513786e-05, 2.348117616080677
6894.556, 1, 0.25, 0, 0, 0, 0, 0, -3.5698642156989893, -2.2661297007531305, -1.8528073325668748e-05, 4.4851848080079634e-05, 4.4222117533806904e-05, 2.349830836870394
6895.857, 1, 0, 0, 0, 0, 0, -0.241067576242, -3.568995879191809, -2.2642895046319604, -1.6195182525519103e-05, 2.0285893621960815e-05, -2.9211641011080254e-05, 2.191241140703995
6897.073, 1, 0.25, 0, 0, 0, 0, 0, -3.7131231129549676, -2.062127716562646, -1.8138728158340056e-05, 4.5095620366324535e-05, 4.268267606226887e-05, 2.1899835185502248
6898.473, 1, 0, 0, 0, 0, 0, -0.241067576242, -3.712542854627471, -2.060991839913051, -1.4956674449312368e-05, 1.1363236827780229e-05, -1.4682539059300232e-05, 2.026757310571374
6899.873, 1, 0.25, 0, 0, 0, 0, 0, -3.8220561247934612, -1.8377723904130803, -1.7537747319190666e-05, 2.3088136469184972e-05, 2.0158429985686446e-05, 2.0257641866659384
6901.289, 1, 0, 0, 0, 0, 0, -0.241067576242, -3.8220520818226813, -1.836949998325485, -1.5864877405541433e-05, 1.2336271709366393e-05, -8.098692631908977e-06, 1.863138786199031
6902.69, 1, 0.25, 0, 0, 0, 0, 0, -3.893646013361538, -1.6001041991318186, -1.4853560108440966e-05, 1.7138474573045437e-05, 1.1934091098521841e-05, 1.8603594182403689
6903.99, 1, 0, 0, 0, 0, 0, -0.241067576242, -3.895230782501391, -1.5995287817345232, -1.6096081619787483e-05, 3.426207939801626e-05, -1.1970148052076223e-05, 1.7061224750828856
6905.29, 1, 0.25, 0, 0, 0, 0, 0, -3.928269658136399, -1.3573102482937667, -1.104153520076201e-05, 1.0144579478065613e-05, 8.103065425315578e-06, 1.7014845397329585
6906.69, 1, 0, 0, 0, 0, 0, -0.241067576242, -3.931200826212612, -1.3538312760869569, -1.7628153332865937e-05, 4.4457806904620986e-05, -9.287014935794249e-06, 1.554332464901607
6908.207, 1, 0.25, 0, 0, 0, 0, 0, -3.9267727045798537, -1.1060292759405166, -1.4454312842748784e-05, 1.8312358057343967e-05, 2.340949676560606e-06, 1.5494504945305625
6910.008, 1, 0, 0, 0, 0, 0, -0.241067576242, -3.9288391074579576, -1.104834075882505, -1.8247839592366866e-05, 4.7622440034395016e-05, -7.229009842950713e-06, 1.3993084495089125
6911.406, 1, 0.25, 0, 0, 0, 0, 0, -3.88682462285871, -0.8616403635029374, -9.805527426520744e-06, 1.8410017122876707e-06, 2.497212261720102e-06, 1.397571978418919
6912.821, 1, 0, 0, 0, 0, 0, -0.241067576242, -3.8877541647570175, -0.8588318582117824, -1.5818002741307957e-05, 2.6740763926198854e-05, -2.358443709167718e-06, 1.2452647414827387
6914.022, 1, 0.25, 0, 0, 0, 0, 0, -3.8083362788269777, -0.6232871014100064, -1.3784678842082565e-05, 1.6601772982938944e-05, 1.8970786099216238e-06, 1.2443455992441732
6915.624, 1, 0.25, 0, 0, 0, 0, 0, -3.7284200002621644, -0.3870675222380226, -1.3525824663823682e-05, 1.254194896562339e-05, 2.9527583055161893e-06, 1.2438017899383642
6917.123, 1, 0.25, 0, 0, 0, 0, 0, -3.648326441492818, -0.15082323621040788, -1.0853169346736191e-05, 3.488974103436148e-06, 2.0058462594787957e-06, 1.2434754982578353
6918.522, 1, 0.25, 0, 0, 0, 0, 0, -3.569117865082272, 0.08250648518094697, -9.573896902148604e-06, -9.644974664910597e-07, 2.6051828673101636e-07, 1.2432626915779665
6919.939, 1, 0.25, 0, 0, 0, 0, 0, -3.487638252280675, 0.32231702716065136, -1.1477389244757275e-05, 4.16859281869995e-06, 2.3653251919189063e-06, 1.2430853679670038
6921.539, 1, 0.25, 0, 0, 0, 0, 0, -3.4076803802645323, 0.5574549184886132, -9.576938618943709e-06, -1.3056873713111828e-06, 1.9734902907566212e-07, 1.2429304643408312
6923.44, 1, 0.25, 0, 0, 0, 0, 0, -3.3266759424960144, 0.7954545903745142, -9.68846449664329e-06, -1.9285762517343877e-06, 6.083365279326065e-07, 1.2427273381325883
6924.742, 1, 0, 0, 0, 0, 0, -0.241067576242, -3.326483956583756, 0.7967282945633478, -2.60278495410049e-05, 6.0807914700473644e-05, -1.8406589548117218e-06, 1.0785008375219092
6926.155, 1, 0, 0, 0, 0, 0, -0.241067576242, -3.3261340600414484, 0.7977630567994178, -1.8659137979243345e-05, 1.3706732259409445e-05, 6.335161329168821e-06, 0.9197848400062971
6927.855, 1, 0, 0, 0, 0, 0, -0.241067576242, -3.325636027882686, 0.7987030612559015, -2.0559156689775593e-05, 1.2923851471848739e-05, 6.458051519795837e-06, 0.7644156229382049
6929.056, 1, 0.25, 0, 0, 0, 0, 0, -3.1465888731457867, 0.9703551149961143, -2.2745502056248368e-05, -6.304936552522491e-05, -7.590598042728622e-06, 0.7643879594626781
6931.055, 1, 0.25, 0, 0, 0, 0, 0, -2.966539367482174, 1.1426730692404696, -7.309046539732966e-05, -0.00033026058206647697, -5.906490093281184e-05, 0.7640572348780333
6932.456, 1, 0, 0, 0, 0, 0, -0.241067576242, -2.9663192387538158, 1.1437654350406752, -3.531808383439028e-05, -3.127387339169675e-05, -1.1262414459780977e-06, 0.6181127716618605
6933.871, 1, 0.25, 0, 0, 0, 0, 0, -2.771063799463431, 1.2823495262390527, -1.338057388805547e-05, -1.7394330444814032e-05, 1.0800967216159447e-06, 0.6172541468271933
6935.372, 1, 0, 0, 0, 0, 0, -0.241067576242, -2.7695546073990296, 1.2836401337421814, -2.5017283277556368e-05, 4.7094645837639716e-05, -1.4965676614288918e-06, 0.48033451338731287
6936.773, 1, 0.25, 0, 0, 0, 0, 0, -2.5535334849677707, 1.39613783766578, -1.0209273767575189e-05, -3.3593810890296346e-06, 5.207440633122189e-07, 0.48010954648970183
6938.089, 1, 0, 0, 0, 0, 0, -0.241067576242, -2.5514227321866096, 1.3974823994232926, -1.880508800444769e-05, 5.2041308978495606e-05, 1.7959224065952581e-06, 0.33491617796356343
6939.589, 1, 0, 0, 0, 0, 0, -0.241067576242, -2.5514829410785302, 1.3977170622007775, -1.846065542424058e-05, 6.763520094366104e-06, 4.5234012780406315e-07, 0.18944393400454299
6941.088, 1, 0, 0, 0, 0, 0, -0.241067576242, -2.5513401097588457, 1.3978947144411875, -1.746248712147791e-05, 8.65923744787396e-06, 4.7352532153848505e-07, 0.04388083197268545
6942.489, 1, 0, 0, 0, 0, 0, -0.241067576242, -2.5509052650807726, 1.3980038572179416, -1.533059857514174e-05, 3.1126198402566714e-05, -2.055306307469762e-07, -0.10123677601210984
6944.005, 1, 0, 0, 0, 0, 0, -0.241067576242, -2.550278536461598, 1.3979828972185024, -1.4754606065703335e-05, 2.769191174335091e-05, -1.9120059695619507e-07, -0.24848125596612242
6945.408, 1, 0.25, 0, 0, 0, 0, 0, -2.310649586304166, 1.3371078337117512, -1.5740045357814925e-05, 1.2155135136178467e-05, 1.2434299397928115e-06, -0.2488315177883884
6947.006, 1, 0.25, 0, 0, 0, 0, 0, -2.072111838125245, 1.2765012758477843, -9.520522796707676e-06, 1.0444288455035702e-06, 2.714794555466207e-07, -0.2488393362528358
6948.307, 1, 0.25, 0, 0, 0, 0, 0, -1.8320165316766321, 1.2154959340998086, -9.343597238198331e-06, 5.631627614269e-07, 1.9517824323164886e-07, -0.24880068567195993
6949.721, 1, 0.25, 0, 0, 0, 0, 0, -1.586962902706503, 1.153241245834084, -1.1817121763346705e-05, 8.23201702062401e-06, 3.714499520199654e-07, -0.24872287241100946
6951.023, 1, 0.25, 0, 0, 0, 0, 0, -1.345779740898982, 1.0919900665348685, -9.264480406889763e-06, 8.878815273930089e-08, 5.194151259399664e-08, -0.24864653065504047
6952.523, 1, 0.25, 0, 0, 0, 0, 0, -1.105176362883292, 1.0309031367981998, -9.254706213268626e-06, 6.334890766463805e-08, 2.6336236604932297e-08, -0.2485981516666381
6953.955, 1, 0.25, 0, 0, 0, 0, 0, -0.8603631560980795, 0.968752153078925, -1.1849516700912499e-05, 5.5474167060607906e-06, 1.8077710617095258e-07, -0.24858746146678554
6955.438, 1, 0.25, 0, 0, 0, 0, 0, -0.6181545359646036, 0.9072464396710032, -9.199858288233553e-06, 1.298716920522908e-07, 1.8264200034462518e-07, -0.24861540701001322
6956.84, 1, 0.25, 0, 0, 0, 0, 0, -0.37568389384597345, 0.845614082082954, -9.298545143254788e-06, -3.012888286249081e-07, -6.15241706304695e-08, -0.2487891546322593
6958.341, 1, 0.25, 0, 0, 0, 0, 0, -0.13731166869428532, 0.785009287590064, -9.41800365703016e-06, -9.461237923312667e-07, -4.558054904230234e-08, -0.2488960501180124
6959.856, 1, 0.25, 0, 0, 0, 0, 0, 0.10931450214959156, 0.7223013076272365, -1.0177119650317534e-05, -4.518722717266639e-07, 2.851916529046103e-08, -0.24895632199027756
6961.258, 1, 0.25, 0, 0, 0, 0, 0, 0.3515908445211621, 0.6606943172574431, -1.0410938404481485e-05, 3.843192546171321e-08, 5.447647868656937e-08, -0.24899071552793497
6962.958, 1, 0.25, 0, 0, 0, 0, 0, 0.5938725128449526, 0.5990869318851274, -1.0256171174588546e-05, 3.7010427167299376e-08, -3.4638980064590395e-08, -0.2490104990213085
6964.756, 1, 0.25, 0, 0, 0, 0, 0, 0.8361579533407266, 0.5374776372791918, -1.0119145764958537e-05, -6.024569616137475e-07, -8.415297064018332e-08, -0.2490202140524103
6966.758, 1, 0, 0, 0, 0, 0, -0.241067576242, 0.8361580495172471, 0.5374823737074699, -1.7427604959902032e-05, 3.064815915233576e-05, 2.733093215644716e-06, -0.42263742108337976
6968.275, 1, 0, 0, 0, 0, 0, -0.241067576242, 0.8361633496984504, 0.5374867523384081, -2.7261127494793147e-05, 7.156690260229466e-05, 8.423925009796758e-06, -0.5981519939433455
6969.773, 1, 0, 0, 0, 0, 0, -0.241067576242, 0.8364441438817114, 0.5374418197030136, -7.738391469458428e-05, 0.00030549575588316533, -1.828462358100615e-05, -0.770905816059499
6971.189, 1, 0, 0, 0, 0, 0, -0.241067576242, 0.8373932854877624, 0.5367080643152107, -2.1666507173667693e-05, -2.416394138431966e-06, 9.02788761781569e-06, -0.9329430800931992
6972.772, 1, 0, 0, 0, 0, 0, -0.241067576242, 0.8381641303694654, 0.5359531363153708, -3.150695036865936e-05, 4.026371114785004e-06, 1.7458965263565087e-05, -1.0906678901221347
6974.088, 1, 0, 0, 0, 0, 0, -0.241067576242, 0.8392776011968094, 0.5353189606170485, -4.543891402589151e-05, -7.139100280010426e-05, 7.010980532740833e-05, -1.244415600772918
6975.589, 1, 0, 0, 0, 0, 0, -0.241067576242, 0.8405667210838057, 0.53521946252556, -4.1209967415023474e-05, -9.343280744607654e-05, -3.6923943357269544e-05, -1.390740726586379
6977.09, 1, 0, 0, 0, 0, 0, -0.241067576242, 0.8398702824025372, 0.5353287307259487, -2.787649977065154e-05, -4.434635197810791e-05, -9.897454785134513e-06, -1.53057250987318
6978.489, 1, 0.25, 0, 0, 0, 0, 0, 0.8495609769847753, 0.2949704969746304, -1.5195738507584045e-05, -9.746424103825153e-06, -2.070852454974801e-06, -1.5304764224319225
6979.907, 1, 0, 0, 0, 0, 0, -0.241067576242, 0.8495620534270294, 0.2949714179557491, -1.8567344978598355e-05, 8.372032265574576e-07, -1.1292048071258464e-07, -1.6614679374845702
6981.407, 1, 0.25, 0, 0, 0, 0, 0, 0.8273879900047066, 0.05108973695926288, -1.0401100486612247e-05, -2.822034292741309e-06, -8.184330856948051e-07, -1.6614744450379382
